(kicad_pcb (version 20171130) (host pcbnew "(5.1.6)-1")

  (general
    (thickness 1.6)
    (drawings 51)
    (tracks 378)
    (zones 0)
    (modules 22)
    (nets 28)
  )

  (page A4)
  (layers
    (0 F.Cu signal)
    (31 B.Cu signal)
    (32 B.Adhes user)
    (33 F.Adhes user)
    (34 B.Paste user)
    (35 F.Paste user)
    (36 B.SilkS user)
    (37 F.SilkS user)
    (38 B.Mask user)
    (39 F.Mask user)
    (40 Dwgs.User user)
    (41 Cmts.User user)
    (42 Eco1.User user)
    (43 Eco2.User user)
    (44 Edge.Cuts user)
    (45 Margin user)
    (46 B.CrtYd user)
    (47 F.CrtYd user)
    (48 B.Fab user)
    (49 F.Fab user)
  )

  (setup
    (last_trace_width 0.25)
    (user_trace_width 0.2)
    (user_trace_width 0.22)
    (trace_clearance 0.15)
    (zone_clearance 0.508)
    (zone_45_only no)
    (trace_min 0.2)
    (via_size 0.8)
    (via_drill 0.4)
    (via_min_size 0.4)
    (via_min_drill 0.3)
    (uvia_size 0.3)
    (uvia_drill 0.1)
    (uvias_allowed no)
    (uvia_min_size 0.2)
    (uvia_min_drill 0.1)
    (edge_width 0.05)
    (segment_width 0.2)
    (pcb_text_width 0.3)
    (pcb_text_size 1.5 1.5)
    (mod_edge_width 0.12)
    (mod_text_size 0.7 0.7)
    (mod_text_width 0.1)
    (pad_size 1.524 1.524)
    (pad_drill 0.762)
    (pad_to_mask_clearance 0.05)
    (aux_axis_origin 0 0)
    (visible_elements 7FFFFFFF)
    (pcbplotparams
      (layerselection 0x010fc_ffffffff)
      (usegerberextensions false)
      (usegerberattributes true)
      (usegerberadvancedattributes true)
      (creategerberjobfile true)
      (excludeedgelayer true)
      (linewidth 0.100000)
      (plotframeref false)
      (viasonmask false)
      (mode 1)
      (useauxorigin false)
      (hpglpennumber 1)
      (hpglpenspeed 20)
      (hpglpendiameter 15.000000)
      (psnegative false)
      (psa4output false)
      (plotreference true)
      (plotvalue true)
      (plotinvisibletext false)
      (padsonsilk false)
      (subtractmaskfromsilk false)
      (outputformat 1)
      (mirror false)
      (drillshape 1)
      (scaleselection 1)
      (outputdirectory ""))
  )

  (net 0 "")
  (net 1 GND)
  (net 2 "Net-(C6-Pad1)")
  (net 3 "Net-(C11-Pad1)")
  (net 4 MISO)
  (net 5 MOSI)
  (net 6 SCLK)
  (net 7 ~CS_20602)
  (net 8 INT_20602)
  (net 9 ~CS_9250)
  (net 10 INT_9250)
  (net 11 ~CS_5611)
  (net 12 SCL)
  (net 13 READY)
  (net 14 RESET)
  (net 15 ADRESS0)
  (net 16 ADRESS1)
  (net 17 "Net-(U1-Pad7)")
  (net 18 "Net-(U2-Pad7)")
  (net 19 VDD)
  (net 20 SDA)
  (net 21 "Net-(C5-Pad1)")
  (net 22 "Net-(U1-Pad3)")
  (net 23 "Net-(U1-Pad4)")
  (net 24 "Net-(U1-Pad8)")
  (net 25 "Net-(U1-Pad12)")
  (net 26 "Net-(U2-Pad21)")
  (net 27 "Net-(U4-Pad7)")

  (net_class Default "This is the default net class."
    (clearance 0.15)
    (trace_width 0.25)
    (via_dia 0.8)
    (via_drill 0.4)
    (uvia_dia 0.3)
    (uvia_drill 0.1)
    (add_net ADRESS0)
    (add_net ADRESS1)
    (add_net GND)
    (add_net INT_20602)
    (add_net INT_9250)
    (add_net MISO)
    (add_net MOSI)
    (add_net "Net-(C11-Pad1)")
    (add_net "Net-(C5-Pad1)")
    (add_net "Net-(C6-Pad1)")
    (add_net "Net-(U1-Pad12)")
    (add_net "Net-(U1-Pad3)")
    (add_net "Net-(U1-Pad4)")
    (add_net "Net-(U1-Pad7)")
    (add_net "Net-(U1-Pad8)")
    (add_net "Net-(U2-Pad21)")
    (add_net "Net-(U2-Pad7)")
    (add_net "Net-(U4-Pad7)")
    (add_net READY)
    (add_net RESET)
    (add_net SCL)
    (add_net SCLK)
    (add_net SDA)
    (add_net VDD)
    (add_net ~CS_20602)
    (add_net ~CS_5611)
    (add_net ~CS_9250)
  )

  (module sensors:QFN40P300X300X105-24N (layer F.Cu) (tedit 5ECCDC42) (tstamp 5ECE14E4)
    (at 160 63.325 90)
    (path /5ECBEF3F)
    (fp_text reference U2 (at -2.68198 0.28416 180) (layer F.SilkS)
      (effects (font (size 0.7 0.7) (thickness 0.1)))
    )
    (fp_text value MPU-9250 (at -0.215 2.79 90) (layer F.Fab)
      (effects (font (size 1.000488 1.000488) (thickness 0.015)))
    )
    (fp_poly (pts (xy -0.85 -0.77) (xy 0.85 -0.77) (xy 0.85 0.77) (xy -0.85 0.77)) (layer Dwgs.User) (width 0.01))
    (fp_poly (pts (xy -0.85 -0.77) (xy 0.85 -0.77) (xy 0.85 0.77) (xy -0.85 0.77)) (layer Dwgs.User) (width 0.01))
    (fp_circle (center -1.2 -1.1) (end -1.1 -1.1) (layer F.Fab) (width 0.2))
    (fp_circle (center -2.4 -1) (end -2.3 -1) (layer F.SilkS) (width 0.2))
    (fp_line (start -2.12 2.12) (end -2.12 -2.12) (layer F.CrtYd) (width 0.05))
    (fp_line (start 2.12 2.12) (end -2.12 2.12) (layer F.CrtYd) (width 0.05))
    (fp_line (start 2.12 -2.12) (end 2.12 2.12) (layer F.CrtYd) (width 0.05))
    (fp_line (start -2.12 -2.12) (end 2.12 -2.12) (layer F.CrtYd) (width 0.05))
    (fp_line (start -1.55 1.55) (end -1.3 1.55) (layer F.SilkS) (width 0.127))
    (fp_line (start -1.55 1.3) (end -1.55 1.55) (layer F.SilkS) (width 0.127))
    (fp_line (start 1.55 1.55) (end 1.3 1.55) (layer F.SilkS) (width 0.127))
    (fp_line (start 1.55 1.3) (end 1.55 1.55) (layer F.SilkS) (width 0.127))
    (fp_line (start 1.55 -1.55) (end 1.55 -1.3) (layer F.SilkS) (width 0.127))
    (fp_line (start 1.3 -1.55) (end 1.55 -1.55) (layer F.SilkS) (width 0.127))
    (fp_line (start -1.55 -1.55) (end -1.55 -1.3) (layer F.SilkS) (width 0.127))
    (fp_line (start -1.3 -1.55) (end -1.55 -1.55) (layer F.SilkS) (width 0.127))
    (fp_line (start -1.55 1.55) (end -1.55 -1.55) (layer F.Fab) (width 0.127))
    (fp_line (start 1.55 1.55) (end -1.55 1.55) (layer F.Fab) (width 0.127))
    (fp_line (start 1.55 -1.55) (end 1.55 1.55) (layer F.Fab) (width 0.127))
    (fp_line (start -1.55 -1.55) (end 1.55 -1.55) (layer F.Fab) (width 0.127))
    (pad 1 smd rect (at -1.545 -1 90) (size 0.64 0.22) (layers F.Cu F.Paste F.Mask)
      (net 19 VDD))
    (pad 2 smd rect (at -1.545 -0.6 90) (size 0.64 0.22) (layers F.Cu F.Paste F.Mask))
    (pad 3 smd rect (at -1.545 -0.2 90) (size 0.64 0.22) (layers F.Cu F.Paste F.Mask))
    (pad 4 smd rect (at -1.545 0.2 90) (size 0.64 0.22) (layers F.Cu F.Paste F.Mask))
    (pad 5 smd rect (at -1.545 0.6 90) (size 0.64 0.22) (layers F.Cu F.Paste F.Mask))
    (pad 6 smd rect (at -1.545 1 90) (size 0.64 0.22) (layers F.Cu F.Paste F.Mask))
    (pad 7 smd rect (at -1 1.545 90) (size 0.22 0.64) (layers F.Cu F.Paste F.Mask)
      (net 18 "Net-(U2-Pad7)"))
    (pad 8 smd rect (at -0.6 1.545 90) (size 0.22 0.64) (layers F.Cu F.Paste F.Mask)
      (net 19 VDD))
    (pad 9 smd rect (at -0.2 1.545 90) (size 0.22 0.64) (layers F.Cu F.Paste F.Mask)
      (net 4 MISO))
    (pad 10 smd rect (at 0.2 1.545 90) (size 0.22 0.64) (layers F.Cu F.Paste F.Mask)
      (net 2 "Net-(C6-Pad1)"))
    (pad 11 smd rect (at 0.6 1.545 90) (size 0.22 0.64) (layers F.Cu F.Paste F.Mask)
      (net 1 GND))
    (pad 12 smd rect (at 1 1.545 90) (size 0.22 0.64) (layers F.Cu F.Paste F.Mask)
      (net 10 INT_9250))
    (pad 13 smd rect (at 1.545 1 90) (size 0.64 0.22) (layers F.Cu F.Paste F.Mask)
      (net 19 VDD))
    (pad 14 smd rect (at 1.545 0.6 90) (size 0.64 0.22) (layers F.Cu F.Paste F.Mask))
    (pad 15 smd rect (at 1.545 0.2 90) (size 0.64 0.22) (layers F.Cu F.Paste F.Mask))
    (pad 16 smd rect (at 1.545 -0.2 90) (size 0.64 0.22) (layers F.Cu F.Paste F.Mask))
    (pad 17 smd rect (at 1.545 -0.6 90) (size 0.64 0.22) (layers F.Cu F.Paste F.Mask))
    (pad 18 smd rect (at 1.545 -1 90) (size 0.64 0.22) (layers F.Cu F.Paste F.Mask)
      (net 1 GND))
    (pad 19 smd rect (at 1 -1.545 90) (size 0.22 0.64) (layers F.Cu F.Paste F.Mask))
    (pad 20 smd rect (at 0.6 -1.545 90) (size 0.22 0.64) (layers F.Cu F.Paste F.Mask)
      (net 1 GND))
    (pad 21 smd rect (at 0.2 -1.545 90) (size 0.22 0.64) (layers F.Cu F.Paste F.Mask)
      (net 26 "Net-(U2-Pad21)"))
    (pad 22 smd rect (at -0.2 -1.545 90) (size 0.22 0.64) (layers F.Cu F.Paste F.Mask)
      (net 9 ~CS_9250))
    (pad 23 smd rect (at -0.6 -1.545 90) (size 0.22 0.64) (layers F.Cu F.Paste F.Mask)
      (net 6 SCLK))
    (pad 24 smd rect (at -1 -1.545 90) (size 0.22 0.64) (layers F.Cu F.Paste F.Mask)
      (net 5 MOSI))
    (model ${KIPRJMOD}/sensors.pretty/MPU-9250--3D.STEP
      (at (xyz 0 0 0))
      (scale (xyz 1 1 1))
      (rotate (xyz 90 180 0))
    )
  )

  (module Capacitor_SMD:C_0603_1608Metric_Pad1.05x0.95mm_HandSolder (layer F.Cu) (tedit 5B301BBE) (tstamp 5ECE138A)
    (at 164.045 64.71)
    (descr "Capacitor SMD 0603 (1608 Metric), square (rectangular) end terminal, IPC_7351 nominal with elongated pad for handsoldering. (Body size source: http://www.tortai-tech.com/upload/download/2011102023233369053.pdf), generated with kicad-footprint-generator")
    (tags "capacitor handsolder")
    (path /5ED16E8E)
    (attr smd)
    (fp_text reference C1 (at -0.1515 -5.59404) (layer F.SilkS)
      (effects (font (size 0.7 0.7) (thickness 0.1)))
    )
    (fp_text value 10n/4V (at 0 1.43) (layer F.Fab)
      (effects (font (size 1 1) (thickness 0.15)))
    )
    (fp_line (start -0.8 0.4) (end -0.8 -0.4) (layer F.Fab) (width 0.1))
    (fp_line (start -0.8 -0.4) (end 0.8 -0.4) (layer F.Fab) (width 0.1))
    (fp_line (start 0.8 -0.4) (end 0.8 0.4) (layer F.Fab) (width 0.1))
    (fp_line (start 0.8 0.4) (end -0.8 0.4) (layer F.Fab) (width 0.1))
    (fp_line (start -0.171267 -0.51) (end 0.171267 -0.51) (layer F.SilkS) (width 0.12))
    (fp_line (start -0.171267 0.51) (end 0.171267 0.51) (layer F.SilkS) (width 0.12))
    (fp_line (start -1.65 0.73) (end -1.65 -0.73) (layer F.CrtYd) (width 0.05))
    (fp_line (start -1.65 -0.73) (end 1.65 -0.73) (layer F.CrtYd) (width 0.05))
    (fp_line (start 1.65 -0.73) (end 1.65 0.73) (layer F.CrtYd) (width 0.05))
    (fp_line (start 1.65 0.73) (end -1.65 0.73) (layer F.CrtYd) (width 0.05))
    (fp_text user %R (at 0 0) (layer F.Fab)
      (effects (font (size 0.4 0.4) (thickness 0.06)))
    )
    (pad 1 smd roundrect (at -0.875 0) (size 1.05 0.95) (layers F.Cu F.Paste F.Mask) (roundrect_rratio 0.25)
      (net 19 VDD))
    (pad 2 smd roundrect (at 0.875 0) (size 1.05 0.95) (layers F.Cu F.Paste F.Mask) (roundrect_rratio 0.25)
      (net 1 GND))
    (model ${KISYS3DMOD}/Capacitor_SMD.3dshapes/C_0603_1608Metric.wrl
      (at (xyz 0 0 0))
      (scale (xyz 1 1 1))
      (rotate (xyz 0 0 0))
    )
  )

  (module Connector_PinHeader_2.54mm:PinHeader_1x16_P2.54mm_Vertical (layer B.Cu) (tedit 59FED5CC) (tstamp 5ED529D7)
    (at 152.09 72.08 270)
    (descr "Through hole straight pin header, 1x16, 2.54mm pitch, single row")
    (tags "Through hole pin header THT 1x16 2.54mm single row")
    (path /5EEB958F)
    (fp_text reference J1 (at 0 2.33 90) (layer B.SilkS) hide
      (effects (font (size 1 1) (thickness 0.15)) (justify mirror))
    )
    (fp_text value Conn_01x16_Male (at 0 -40.43 90) (layer B.Fab)
      (effects (font (size 1 1) (thickness 0.15)) (justify mirror))
    )
    (fp_text user %R (at 0 -19.05 180) (layer B.Fab)
      (effects (font (size 1 1) (thickness 0.15)) (justify mirror))
    )
    (fp_line (start -0.635 1.27) (end 1.27 1.27) (layer B.Fab) (width 0.1))
    (fp_line (start 1.27 1.27) (end 1.27 -39.37) (layer B.Fab) (width 0.1))
    (fp_line (start 1.27 -39.37) (end -1.27 -39.37) (layer B.Fab) (width 0.1))
    (fp_line (start -1.27 -39.37) (end -1.27 0.635) (layer B.Fab) (width 0.1))
    (fp_line (start -1.27 0.635) (end -0.635 1.27) (layer B.Fab) (width 0.1))
    (fp_line (start -1.33 -39.43) (end 1.33 -39.43) (layer B.SilkS) (width 0.12))
    (fp_line (start -1.33 -1.27) (end -1.33 -39.43) (layer B.SilkS) (width 0.12))
    (fp_line (start 1.33 -1.27) (end 1.33 -39.43) (layer B.SilkS) (width 0.12))
    (fp_line (start -1.33 -1.27) (end 1.33 -1.27) (layer B.SilkS) (width 0.12))
    (fp_line (start -1.33 0) (end -1.33 1.33) (layer B.SilkS) (width 0.12))
    (fp_line (start -1.33 1.33) (end 0 1.33) (layer B.SilkS) (width 0.12))
    (fp_line (start -1.8 1.8) (end -1.8 -39.9) (layer B.CrtYd) (width 0.05))
    (fp_line (start -1.8 -39.9) (end 1.8 -39.9) (layer B.CrtYd) (width 0.05))
    (fp_line (start 1.8 -39.9) (end 1.8 1.8) (layer B.CrtYd) (width 0.05))
    (fp_line (start 1.8 1.8) (end -1.8 1.8) (layer B.CrtYd) (width 0.05))
    (pad 16 thru_hole oval (at 0 -38.1 270) (size 1.7 1.7) (drill 1) (layers *.Cu *.Mask)
      (net 1 GND))
    (pad 15 thru_hole oval (at 0 -35.56 270) (size 1.7 1.7) (drill 1) (layers *.Cu *.Mask)
      (net 19 VDD))
    (pad 14 thru_hole oval (at 0 -33.02 270) (size 1.7 1.7) (drill 1) (layers *.Cu *.Mask)
      (net 12 SCL))
    (pad 13 thru_hole oval (at 0 -30.48 270) (size 1.7 1.7) (drill 1) (layers *.Cu *.Mask)
      (net 20 SDA))
    (pad 12 thru_hole oval (at 0 -27.94 270) (size 1.7 1.7) (drill 1) (layers *.Cu *.Mask)
      (net 13 READY))
    (pad 11 thru_hole oval (at 0 -25.4 270) (size 1.7 1.7) (drill 1) (layers *.Cu *.Mask)
      (net 14 RESET))
    (pad 10 thru_hole oval (at 0 -22.86 270) (size 1.7 1.7) (drill 1) (layers *.Cu *.Mask)
      (net 19 VDD))
    (pad 9 thru_hole oval (at 0 -20.32 270) (size 1.7 1.7) (drill 1) (layers *.Cu *.Mask)
      (net 8 INT_20602))
    (pad 8 thru_hole oval (at 0 -17.78 270) (size 1.7 1.7) (drill 1) (layers *.Cu *.Mask)
      (net 7 ~CS_20602))
    (pad 7 thru_hole oval (at 0 -15.24 270) (size 1.7 1.7) (drill 1) (layers *.Cu *.Mask)
      (net 19 VDD))
    (pad 6 thru_hole oval (at 0 -12.7 270) (size 1.7 1.7) (drill 1) (layers *.Cu *.Mask)
      (net 4 MISO))
    (pad 5 thru_hole oval (at 0 -10.16 270) (size 1.7 1.7) (drill 1) (layers *.Cu *.Mask)
      (net 5 MOSI))
    (pad 4 thru_hole oval (at 0 -7.62 270) (size 1.7 1.7) (drill 1) (layers *.Cu *.Mask)
      (net 6 SCLK))
    (pad 3 thru_hole oval (at 0 -5.08 270) (size 1.7 1.7) (drill 1) (layers *.Cu *.Mask)
      (net 11 ~CS_5611))
    (pad 2 thru_hole oval (at 0 -2.54 270) (size 1.7 1.7) (drill 1) (layers *.Cu *.Mask)
      (net 1 GND))
    (pad 1 thru_hole rect (at 0 0 270) (size 1.7 1.7) (drill 1) (layers *.Cu *.Mask)
      (net 19 VDD))
    (model ${KISYS3DMOD}/Connector_PinHeader_2.54mm.3dshapes/PinHeader_1x16_P2.54mm_Vertical.wrl
      (at (xyz 0 0 0))
      (scale (xyz 1 1 1))
      (rotate (xyz 0 0 0))
    )
  )

  (module Connector_PinHeader_2.54mm:PinHeader_1x16_P2.54mm_Vertical (layer B.Cu) (tedit 59FED5CC) (tstamp 5ED529FB)
    (at 152.31 56.38 270)
    (descr "Through hole straight pin header, 1x16, 2.54mm pitch, single row")
    (tags "Through hole pin header THT 1x16 2.54mm single row")
    (path /5EEBCB40)
    (fp_text reference J2 (at 0 2.33 90) (layer B.SilkS) hide
      (effects (font (size 1 1) (thickness 0.15)) (justify mirror))
    )
    (fp_text value Conn_01x16_Male (at 0 -40.43 90) (layer B.Fab)
      (effects (font (size 1 1) (thickness 0.15)) (justify mirror))
    )
    (fp_text user %R (at 0 -19.05 180) (layer B.Fab)
      (effects (font (size 1 1) (thickness 0.15)) (justify mirror))
    )
    (fp_line (start -0.635 1.27) (end 1.27 1.27) (layer B.Fab) (width 0.1))
    (fp_line (start 1.27 1.27) (end 1.27 -39.37) (layer B.Fab) (width 0.1))
    (fp_line (start 1.27 -39.37) (end -1.27 -39.37) (layer B.Fab) (width 0.1))
    (fp_line (start -1.27 -39.37) (end -1.27 0.635) (layer B.Fab) (width 0.1))
    (fp_line (start -1.27 0.635) (end -0.635 1.27) (layer B.Fab) (width 0.1))
    (fp_line (start -1.33 -39.43) (end 1.33 -39.43) (layer B.SilkS) (width 0.12))
    (fp_line (start -1.33 -1.27) (end -1.33 -39.43) (layer B.SilkS) (width 0.12))
    (fp_line (start 1.33 -1.27) (end 1.33 -39.43) (layer B.SilkS) (width 0.12))
    (fp_line (start -1.33 -1.27) (end 1.33 -1.27) (layer B.SilkS) (width 0.12))
    (fp_line (start -1.33 0) (end -1.33 1.33) (layer B.SilkS) (width 0.12))
    (fp_line (start -1.33 1.33) (end 0 1.33) (layer B.SilkS) (width 0.12))
    (fp_line (start -1.8 1.8) (end -1.8 -39.9) (layer B.CrtYd) (width 0.05))
    (fp_line (start -1.8 -39.9) (end 1.8 -39.9) (layer B.CrtYd) (width 0.05))
    (fp_line (start 1.8 -39.9) (end 1.8 1.8) (layer B.CrtYd) (width 0.05))
    (fp_line (start 1.8 1.8) (end -1.8 1.8) (layer B.CrtYd) (width 0.05))
    (pad 16 thru_hole oval (at 0 -38.1 270) (size 1.7 1.7) (drill 1) (layers *.Cu *.Mask)
      (net 1 GND))
    (pad 15 thru_hole oval (at 0 -35.56 270) (size 1.7 1.7) (drill 1) (layers *.Cu *.Mask)
      (net 1 GND))
    (pad 14 thru_hole oval (at 0 -33.02 270) (size 1.7 1.7) (drill 1) (layers *.Cu *.Mask)
      (net 15 ADRESS0))
    (pad 13 thru_hole oval (at 0 -30.48 270) (size 1.7 1.7) (drill 1) (layers *.Cu *.Mask)
      (net 16 ADRESS1))
    (pad 12 thru_hole oval (at 0 -27.94 270) (size 1.7 1.7) (drill 1) (layers *.Cu *.Mask)
      (net 1 GND))
    (pad 11 thru_hole oval (at 0 -25.4 270) (size 1.7 1.7) (drill 1) (layers *.Cu *.Mask)
      (net 1 GND))
    (pad 10 thru_hole oval (at 0 -22.86 270) (size 1.7 1.7) (drill 1) (layers *.Cu *.Mask)
      (net 1 GND))
    (pad 9 thru_hole oval (at 0 -20.32 270) (size 1.7 1.7) (drill 1) (layers *.Cu *.Mask)
      (net 1 GND))
    (pad 8 thru_hole oval (at 0 -17.78 270) (size 1.7 1.7) (drill 1) (layers *.Cu *.Mask)
      (net 1 GND))
    (pad 7 thru_hole oval (at 0 -15.24 270) (size 1.7 1.7) (drill 1) (layers *.Cu *.Mask)
      (net 1 GND))
    (pad 6 thru_hole oval (at 0 -12.7 270) (size 1.7 1.7) (drill 1) (layers *.Cu *.Mask)
      (net 1 GND))
    (pad 5 thru_hole oval (at 0 -10.16 270) (size 1.7 1.7) (drill 1) (layers *.Cu *.Mask)
      (net 1 GND))
    (pad 4 thru_hole oval (at 0 -7.62 270) (size 1.7 1.7) (drill 1) (layers *.Cu *.Mask)
      (net 10 INT_9250))
    (pad 3 thru_hole oval (at 0 -5.08 270) (size 1.7 1.7) (drill 1) (layers *.Cu *.Mask)
      (net 9 ~CS_9250))
    (pad 2 thru_hole oval (at 0 -2.54 270) (size 1.7 1.7) (drill 1) (layers *.Cu *.Mask)
      (net 19 VDD))
    (pad 1 thru_hole rect (at 0 0 270) (size 1.7 1.7) (drill 1) (layers *.Cu *.Mask)
      (net 1 GND))
    (model ${KISYS3DMOD}/Connector_PinHeader_2.54mm.3dshapes/PinHeader_1x16_P2.54mm_Vertical.wrl
      (at (xyz 0 0 0))
      (scale (xyz 1 1 1))
      (rotate (xyz 0 0 0))
    )
  )

  (module Button_Switch_SMD:SW_DIP_SPSTx02_Slide_KingTek_DSHP02TJ_W5.25mm_P1.27mm_JPin (layer F.Cu) (tedit 5A508D3E) (tstamp 5ED191AC)
    (at 186.595 65.945)
    (descr "SMD 2x-dip-switch SPST KingTek_DSHP02TJ, Slide, row spacing 5.25 mm (206 mils), body size  (see http://www.kingtek.net.cn/pic/201601201446313350.pdf), JPin")
    (tags "SMD DIP Switch SPST Slide 5.25mm 206mil JPin")
    (path /5ED4382F)
    (attr smd)
    (fp_text reference SW1 (at -0.02438 2.98298) (layer F.SilkS)
      (effects (font (size 0.7 0.7) (thickness 0.1)))
    )
    (fp_text value SW_DIP_x02 (at 0 3.23) (layer F.Fab)
      (effects (font (size 1 1) (thickness 0.15)))
    )
    (fp_line (start -1.7 -2.17) (end 2.7 -2.17) (layer F.Fab) (width 0.1))
    (fp_line (start 2.7 -2.17) (end 2.7 2.17) (layer F.Fab) (width 0.1))
    (fp_line (start 2.7 2.17) (end -2.7 2.17) (layer F.Fab) (width 0.1))
    (fp_line (start -2.7 2.17) (end -2.7 -1.17) (layer F.Fab) (width 0.1))
    (fp_line (start -2.7 -1.17) (end -1.7 -2.17) (layer F.Fab) (width 0.1))
    (fp_line (start -1 -1.035) (end -1 -0.235) (layer F.Fab) (width 0.1))
    (fp_line (start -1 -0.235) (end 1 -0.235) (layer F.Fab) (width 0.1))
    (fp_line (start 1 -0.235) (end 1 -1.035) (layer F.Fab) (width 0.1))
    (fp_line (start 1 -1.035) (end -1 -1.035) (layer F.Fab) (width 0.1))
    (fp_line (start -1 -0.935) (end -0.333333 -0.935) (layer F.Fab) (width 0.1))
    (fp_line (start -1 -0.835) (end -0.333333 -0.835) (layer F.Fab) (width 0.1))
    (fp_line (start -1 -0.735) (end -0.333333 -0.735) (layer F.Fab) (width 0.1))
    (fp_line (start -1 -0.635) (end -0.333333 -0.635) (layer F.Fab) (width 0.1))
    (fp_line (start -1 -0.535) (end -0.333333 -0.535) (layer F.Fab) (width 0.1))
    (fp_line (start -1 -0.435) (end -0.333333 -0.435) (layer F.Fab) (width 0.1))
    (fp_line (start -1 -0.335) (end -0.333333 -0.335) (layer F.Fab) (width 0.1))
    (fp_line (start -0.333333 -1.035) (end -0.333333 -0.235) (layer F.Fab) (width 0.1))
    (fp_line (start -1 0.235) (end -1 1.035) (layer F.Fab) (width 0.1))
    (fp_line (start -1 1.035) (end 1 1.035) (layer F.Fab) (width 0.1))
    (fp_line (start 1 1.035) (end 1 0.235) (layer F.Fab) (width 0.1))
    (fp_line (start 1 0.235) (end -1 0.235) (layer F.Fab) (width 0.1))
    (fp_line (start -1 0.335) (end -0.333333 0.335) (layer F.Fab) (width 0.1))
    (fp_line (start -1 0.435) (end -0.333333 0.435) (layer F.Fab) (width 0.1))
    (fp_line (start -1 0.535) (end -0.333333 0.535) (layer F.Fab) (width 0.1))
    (fp_line (start -1 0.635) (end -0.333333 0.635) (layer F.Fab) (width 0.1))
    (fp_line (start -1 0.735) (end -0.333333 0.735) (layer F.Fab) (width 0.1))
    (fp_line (start -1 0.835) (end -0.333333 0.835) (layer F.Fab) (width 0.1))
    (fp_line (start -1 0.935) (end -0.333333 0.935) (layer F.Fab) (width 0.1))
    (fp_line (start -0.333333 0.235) (end -0.333333 1.035) (layer F.Fab) (width 0.1))
    (fp_line (start -2.761 2.23) (end 2.76 2.23) (layer F.SilkS) (width 0.12))
    (fp_line (start -3.951 -1.315) (end -2.761 -1.315) (layer F.SilkS) (width 0.12))
    (fp_line (start -2.761 -2.23) (end -2.761 -1.315) (layer F.SilkS) (width 0.12))
    (fp_line (start -2.761 -2.23) (end 2.76 -2.23) (layer F.SilkS) (width 0.12))
    (fp_line (start 2.76 -2.23) (end 2.76 -1.255) (layer F.SilkS) (width 0.12))
    (fp_line (start -2.761 1.255) (end -2.761 2.23) (layer F.SilkS) (width 0.12))
    (fp_line (start 2.76 1.255) (end 2.76 2.23) (layer F.SilkS) (width 0.12))
    (fp_line (start -4.2 -2.5) (end -4.2 2.5) (layer F.CrtYd) (width 0.05))
    (fp_line (start -4.2 2.5) (end 4.2 2.5) (layer F.CrtYd) (width 0.05))
    (fp_line (start 4.2 2.5) (end 4.2 -2.5) (layer F.CrtYd) (width 0.05))
    (fp_line (start 4.2 -2.5) (end -4.2 -2.5) (layer F.CrtYd) (width 0.05))
    (fp_text user %R (at 1.85 0 90) (layer F.Fab)
      (effects (font (size 0.8 0.8) (thickness 0.12)))
    )
    (fp_text user on (at 0.5375 -1.6025) (layer F.Fab)
      (effects (font (size 0.8 0.8) (thickness 0.12)))
    )
    (pad 1 smd rect (at -2.625 -0.635) (size 2.65 0.76) (layers F.Cu F.Paste F.Mask)
      (net 16 ADRESS1))
    (pad 3 smd rect (at 2.625 0.635) (size 2.65 0.76) (layers F.Cu F.Paste F.Mask)
      (net 1 GND))
    (pad 2 smd rect (at -2.625 0.635) (size 2.65 0.76) (layers F.Cu F.Paste F.Mask)
      (net 15 ADRESS0))
    (pad 4 smd rect (at 2.625 -0.635) (size 2.65 0.76) (layers F.Cu F.Paste F.Mask)
      (net 1 GND))
    (model ${KISYS3DMOD}/Button_Switch_SMD.3dshapes/SW_DIP_SPSTx02_Slide_KingTek_DSHP02TJ_W5.25mm_P1.27mm_JPin.wrl
      (at (xyz 0 0 0))
      (scale (xyz 1 1 1))
      (rotate (xyz 0 0 0))
    )
  )

  (module Resistor_SMD:R_0603_1608Metric_Pad1.05x0.95mm_HandSolder (layer F.Cu) (tedit 5B301BBD) (tstamp 5ECE14B4)
    (at 178.395 69.18)
    (descr "Resistor SMD 0603 (1608 Metric), square (rectangular) end terminal, IPC_7351 nominal with elongated pad for handsoldering. (Body size source: http://www.tortai-tech.com/upload/download/2011102023233369053.pdf), generated with kicad-footprint-generator")
    (tags "resistor handsolder")
    (path /5ED62D7B)
    (attr smd)
    (fp_text reference R4 (at 2.48094 0.06294) (layer F.SilkS)
      (effects (font (size 0.7 0.7) (thickness 0.1)))
    )
    (fp_text value 5k1 (at 0 1.43) (layer F.Fab)
      (effects (font (size 1 1) (thickness 0.15)))
    )
    (fp_line (start -0.8 0.4) (end -0.8 -0.4) (layer F.Fab) (width 0.1))
    (fp_line (start -0.8 -0.4) (end 0.8 -0.4) (layer F.Fab) (width 0.1))
    (fp_line (start 0.8 -0.4) (end 0.8 0.4) (layer F.Fab) (width 0.1))
    (fp_line (start 0.8 0.4) (end -0.8 0.4) (layer F.Fab) (width 0.1))
    (fp_line (start -0.171267 -0.51) (end 0.171267 -0.51) (layer F.SilkS) (width 0.12))
    (fp_line (start -0.171267 0.51) (end 0.171267 0.51) (layer F.SilkS) (width 0.12))
    (fp_line (start -1.65 0.73) (end -1.65 -0.73) (layer F.CrtYd) (width 0.05))
    (fp_line (start -1.65 -0.73) (end 1.65 -0.73) (layer F.CrtYd) (width 0.05))
    (fp_line (start 1.65 -0.73) (end 1.65 0.73) (layer F.CrtYd) (width 0.05))
    (fp_line (start 1.65 0.73) (end -1.65 0.73) (layer F.CrtYd) (width 0.05))
    (fp_text user %R (at 0 0) (layer F.Fab)
      (effects (font (size 0.4 0.4) (thickness 0.06)))
    )
    (pad 1 smd roundrect (at -0.875 0) (size 1.05 0.95) (layers F.Cu F.Paste F.Mask) (roundrect_rratio 0.25)
      (net 12 SCL))
    (pad 2 smd roundrect (at 0.875 0) (size 1.05 0.95) (layers F.Cu F.Paste F.Mask) (roundrect_rratio 0.25)
      (net 19 VDD))
    (model ${KISYS3DMOD}/Resistor_SMD.3dshapes/R_0603_1608Metric.wrl
      (at (xyz 0 0 0))
      (scale (xyz 1 1 1))
      (rotate (xyz 0 0 0))
    )
  )

  (module Resistor_SMD:R_0603_1608Metric_Pad1.05x0.95mm_HandSolder (layer F.Cu) (tedit 5B301BBD) (tstamp 5ECE14A3)
    (at 178.405 67.65)
    (descr "Resistor SMD 0603 (1608 Metric), square (rectangular) end terminal, IPC_7351 nominal with elongated pad for handsoldering. (Body size source: http://www.tortai-tech.com/upload/download/2011102023233369053.pdf), generated with kicad-footprint-generator")
    (tags "resistor handsolder")
    (path /5ED61032)
    (attr smd)
    (fp_text reference R3 (at 2.4811 0.0791) (layer F.SilkS)
      (effects (font (size 0.7 0.7) (thickness 0.1)))
    )
    (fp_text value 5k1 (at 0.025 1.01) (layer F.Fab)
      (effects (font (size 1 1) (thickness 0.15)))
    )
    (fp_line (start 1.65 0.73) (end -1.65 0.73) (layer F.CrtYd) (width 0.05))
    (fp_line (start 1.65 -0.73) (end 1.65 0.73) (layer F.CrtYd) (width 0.05))
    (fp_line (start -1.65 -0.73) (end 1.65 -0.73) (layer F.CrtYd) (width 0.05))
    (fp_line (start -1.65 0.73) (end -1.65 -0.73) (layer F.CrtYd) (width 0.05))
    (fp_line (start -0.171267 0.51) (end 0.171267 0.51) (layer F.SilkS) (width 0.12))
    (fp_line (start -0.171267 -0.51) (end 0.171267 -0.51) (layer F.SilkS) (width 0.12))
    (fp_line (start 0.8 0.4) (end -0.8 0.4) (layer F.Fab) (width 0.1))
    (fp_line (start 0.8 -0.4) (end 0.8 0.4) (layer F.Fab) (width 0.1))
    (fp_line (start -0.8 -0.4) (end 0.8 -0.4) (layer F.Fab) (width 0.1))
    (fp_line (start -0.8 0.4) (end -0.8 -0.4) (layer F.Fab) (width 0.1))
    (fp_text user %R (at 0 0) (layer F.Fab)
      (effects (font (size 0.4 0.4) (thickness 0.06)))
    )
    (pad 2 smd roundrect (at 0.875 0) (size 1.05 0.95) (layers F.Cu F.Paste F.Mask) (roundrect_rratio 0.25)
      (net 19 VDD))
    (pad 1 smd roundrect (at -0.875 0) (size 1.05 0.95) (layers F.Cu F.Paste F.Mask) (roundrect_rratio 0.25)
      (net 20 SDA))
    (model ${KISYS3DMOD}/Resistor_SMD.3dshapes/R_0603_1608Metric.wrl
      (at (xyz 0 0 0))
      (scale (xyz 1 1 1))
      (rotate (xyz 0 0 0))
    )
  )

  (module sensors:LGA-8_3x5mm_P1.25mm (layer F.Cu) (tedit 5ED0D46A) (tstamp 5ECE154C)
    (at 153.745 64.43 270)
    (descr LGA-8)
    (tags "lga land grid array")
    (path /5ECB8261)
    (attr smd)
    (fp_text reference U3 (at 2.78602 0.0242 180) (layer F.SilkS)
      (effects (font (size 0.7 0.7) (thickness 0.1)))
    )
    (fp_text value MS5611-01BA (at 0 3.65 90) (layer F.Fab)
      (effects (font (size 1 1) (thickness 0.15)))
    )
    (fp_line (start 1.8 2.75) (end -1.8 2.75) (layer F.CrtYd) (width 0.05))
    (fp_line (start 1.8 2.75) (end 1.8 -2.75) (layer F.CrtYd) (width 0.05))
    (fp_line (start -1.8 -2.75) (end -1.8 2.75) (layer F.CrtYd) (width 0.05))
    (fp_line (start -1.8 -2.75) (end 1.8 -2.75) (layer F.CrtYd) (width 0.05))
    (fp_line (start -1.55 -2.6) (end -0.6 -2.6) (layer F.SilkS) (width 0.12))
    (fp_line (start -1.65 2.6) (end -1.65 2.1) (layer F.SilkS) (width 0.12))
    (fp_line (start -1.15 2.6) (end -1.65 2.6) (layer F.SilkS) (width 0.12))
    (fp_line (start 1.65 2.6) (end 1.15 2.6) (layer F.SilkS) (width 0.12))
    (fp_line (start 1.65 2.1) (end 1.65 2.6) (layer F.SilkS) (width 0.12))
    (fp_line (start 1.65 -2.6) (end 1.65 -2.1) (layer F.SilkS) (width 0.12))
    (fp_line (start 1.15 -2.6) (end 1.65 -2.6) (layer F.SilkS) (width 0.12))
    (fp_line (start -0.75 -2.5) (end 1.5 -2.5) (layer F.Fab) (width 0.1))
    (fp_line (start -1.5 -1.75) (end -0.75 -2.5) (layer F.Fab) (width 0.1))
    (fp_line (start -1.5 2.5) (end -1.5 -1.75) (layer F.Fab) (width 0.1))
    (fp_line (start 1.5 2.5) (end -1.5 2.5) (layer F.Fab) (width 0.1))
    (fp_line (start 1.5 -2.5) (end 1.5 2.5) (layer F.Fab) (width 0.1))
    (fp_text user %R (at 0 0 90) (layer F.Fab)
      (effects (font (size 0.5 0.5) (thickness 0.075)))
    )
    (pad 5 smd rect (at 1.35 1.875 270) (size 1.5 0.55) (layers F.Cu F.Paste F.Mask)
      (net 11 ~CS_5611))
    (pad 6 smd rect (at 1.35 0.625 270) (size 1.5 0.55) (layers F.Cu F.Paste F.Mask)
      (net 4 MISO))
    (pad 7 smd rect (at 1.35 -0.625 270) (size 1.5 0.55) (layers F.Cu F.Paste F.Mask)
      (net 5 MOSI))
    (pad 8 smd rect (at 1.35 -1.875 270) (size 1.5 0.55) (layers F.Cu F.Paste F.Mask)
      (net 6 SCLK))
    (pad 3 smd rect (at -1.35 0.625 270) (size 1.5 0.55) (layers F.Cu F.Paste F.Mask)
      (net 1 GND))
    (pad 2 smd rect (at -1.35 -0.625 270) (size 1.5 0.55) (layers F.Cu F.Paste F.Mask)
      (net 1 GND))
    (pad 1 smd rect (at -1.35 -1.875 270) (size 1.5 0.55) (layers F.Cu F.Paste F.Mask)
      (net 19 VDD))
    (pad 4 smd rect (at -1.35 1.875 270) (size 1.5 0.55) (layers F.Cu F.Paste F.Mask)
      (net 11 ~CS_5611))
    (model ${KISYS3DMOD}/Package_LGA.3dshapes/LGA-8_3x5mm_P1.25mm.wrl
      (at (xyz 0 0 0))
      (scale (xyz 1 1 1))
      (rotate (xyz 0 0 0))
    )
  )

  (module Capacitor_SMD:C_0603_1608Metric_Pad1.05x0.95mm_HandSolder (layer F.Cu) (tedit 5B301BBE) (tstamp 5ECE139B)
    (at 159.985 60.39 180)
    (descr "Capacitor SMD 0603 (1608 Metric), square (rectangular) end terminal, IPC_7351 nominal with elongated pad for handsoldering. (Body size source: http://www.tortai-tech.com/upload/download/2011102023233369053.pdf), generated with kicad-footprint-generator")
    (tags "capacitor handsolder")
    (path /5ED1656D)
    (attr smd)
    (fp_text reference C2 (at -0.00198 1.18514) (layer F.SilkS)
      (effects (font (size 0.7 0.7) (thickness 0.1)))
    )
    (fp_text value 0u1/4V (at 0 1.43) (layer F.Fab)
      (effects (font (size 1 1) (thickness 0.15)))
    )
    (fp_line (start 1.65 0.73) (end -1.65 0.73) (layer F.CrtYd) (width 0.05))
    (fp_line (start 1.65 -0.73) (end 1.65 0.73) (layer F.CrtYd) (width 0.05))
    (fp_line (start -1.65 -0.73) (end 1.65 -0.73) (layer F.CrtYd) (width 0.05))
    (fp_line (start -1.65 0.73) (end -1.65 -0.73) (layer F.CrtYd) (width 0.05))
    (fp_line (start -0.171267 0.51) (end 0.171267 0.51) (layer F.SilkS) (width 0.12))
    (fp_line (start -0.171267 -0.51) (end 0.171267 -0.51) (layer F.SilkS) (width 0.12))
    (fp_line (start 0.8 0.4) (end -0.8 0.4) (layer F.Fab) (width 0.1))
    (fp_line (start 0.8 -0.4) (end 0.8 0.4) (layer F.Fab) (width 0.1))
    (fp_line (start -0.8 -0.4) (end 0.8 -0.4) (layer F.Fab) (width 0.1))
    (fp_line (start -0.8 0.4) (end -0.8 -0.4) (layer F.Fab) (width 0.1))
    (fp_text user %R (at 0 0) (layer F.Fab)
      (effects (font (size 0.4 0.4) (thickness 0.06)))
    )
    (pad 2 smd roundrect (at 0.875 0 180) (size 1.05 0.95) (layers F.Cu F.Paste F.Mask) (roundrect_rratio 0.25)
      (net 1 GND))
    (pad 1 smd roundrect (at -0.875 0 180) (size 1.05 0.95) (layers F.Cu F.Paste F.Mask) (roundrect_rratio 0.25)
      (net 19 VDD))
    (model ${KISYS3DMOD}/Capacitor_SMD.3dshapes/C_0603_1608Metric.wrl
      (at (xyz 0 0 0))
      (scale (xyz 1 1 1))
      (rotate (xyz 0 0 0))
    )
  )

  (module Capacitor_SMD:C_0603_1608Metric_Pad1.05x0.95mm_HandSolder (layer F.Cu) (tedit 5B301BBE) (tstamp 5ECE13AC)
    (at 166.49 62.745 90)
    (descr "Capacitor SMD 0603 (1608 Metric), square (rectangular) end terminal, IPC_7351 nominal with elongated pad for handsoldering. (Body size source: http://www.tortai-tech.com/upload/download/2011102023233369053.pdf), generated with kicad-footprint-generator")
    (tags "capacitor handsolder")
    (path /5ECD6DDC)
    (attr smd)
    (fp_text reference C7 (at 2.3438 0.08828 90) (layer F.SilkS)
      (effects (font (size 0.7 0.7) (thickness 0.1)))
    )
    (fp_text value 0u1 (at 0 1.43 90) (layer F.Fab)
      (effects (font (size 1 1) (thickness 0.15)))
    )
    (fp_line (start 1.65 0.73) (end -1.65 0.73) (layer F.CrtYd) (width 0.05))
    (fp_line (start 1.65 -0.73) (end 1.65 0.73) (layer F.CrtYd) (width 0.05))
    (fp_line (start -1.65 -0.73) (end 1.65 -0.73) (layer F.CrtYd) (width 0.05))
    (fp_line (start -1.65 0.73) (end -1.65 -0.73) (layer F.CrtYd) (width 0.05))
    (fp_line (start -0.171267 0.51) (end 0.171267 0.51) (layer F.SilkS) (width 0.12))
    (fp_line (start -0.171267 -0.51) (end 0.171267 -0.51) (layer F.SilkS) (width 0.12))
    (fp_line (start 0.8 0.4) (end -0.8 0.4) (layer F.Fab) (width 0.1))
    (fp_line (start 0.8 -0.4) (end 0.8 0.4) (layer F.Fab) (width 0.1))
    (fp_line (start -0.8 -0.4) (end 0.8 -0.4) (layer F.Fab) (width 0.1))
    (fp_line (start -0.8 0.4) (end -0.8 -0.4) (layer F.Fab) (width 0.1))
    (fp_text user %R (at 0 0 90) (layer F.Fab)
      (effects (font (size 0.4 0.4) (thickness 0.06)))
    )
    (pad 2 smd roundrect (at 0.875 0 90) (size 1.05 0.95) (layers F.Cu F.Paste F.Mask) (roundrect_rratio 0.25)
      (net 1 GND))
    (pad 1 smd roundrect (at -0.875 0 90) (size 1.05 0.95) (layers F.Cu F.Paste F.Mask) (roundrect_rratio 0.25)
      (net 19 VDD))
    (model ${KISYS3DMOD}/Capacitor_SMD.3dshapes/C_0603_1608Metric.wrl
      (at (xyz 0 0 0))
      (scale (xyz 1 1 1))
      (rotate (xyz 0 0 0))
    )
  )

  (module Capacitor_SMD:C_0603_1608Metric_Pad1.05x0.95mm_HandSolder (layer F.Cu) (tedit 5B301BBE) (tstamp 5ECE13BD)
    (at 168 62.745 90)
    (descr "Capacitor SMD 0603 (1608 Metric), square (rectangular) end terminal, IPC_7351 nominal with elongated pad for handsoldering. (Body size source: http://www.tortai-tech.com/upload/download/2011102023233369053.pdf), generated with kicad-footprint-generator")
    (tags "capacitor handsolder")
    (path /5ECD7ADB)
    (attr smd)
    (fp_text reference C8 (at 2.33364 0.06418 90) (layer F.SilkS)
      (effects (font (size 0.7 0.7) (thickness 0.1)))
    )
    (fp_text value 2u2 (at 0 1.43 90) (layer F.Fab)
      (effects (font (size 1 1) (thickness 0.15)))
    )
    (fp_line (start -0.8 0.4) (end -0.8 -0.4) (layer F.Fab) (width 0.1))
    (fp_line (start -0.8 -0.4) (end 0.8 -0.4) (layer F.Fab) (width 0.1))
    (fp_line (start 0.8 -0.4) (end 0.8 0.4) (layer F.Fab) (width 0.1))
    (fp_line (start 0.8 0.4) (end -0.8 0.4) (layer F.Fab) (width 0.1))
    (fp_line (start -0.171267 -0.51) (end 0.171267 -0.51) (layer F.SilkS) (width 0.12))
    (fp_line (start -0.171267 0.51) (end 0.171267 0.51) (layer F.SilkS) (width 0.12))
    (fp_line (start -1.65 0.73) (end -1.65 -0.73) (layer F.CrtYd) (width 0.05))
    (fp_line (start -1.65 -0.73) (end 1.65 -0.73) (layer F.CrtYd) (width 0.05))
    (fp_line (start 1.65 -0.73) (end 1.65 0.73) (layer F.CrtYd) (width 0.05))
    (fp_line (start 1.65 0.73) (end -1.65 0.73) (layer F.CrtYd) (width 0.05))
    (fp_text user %R (at 0 0 90) (layer F.Fab)
      (effects (font (size 0.4 0.4) (thickness 0.06)))
    )
    (pad 1 smd roundrect (at -0.875 0 90) (size 1.05 0.95) (layers F.Cu F.Paste F.Mask) (roundrect_rratio 0.25)
      (net 19 VDD))
    (pad 2 smd roundrect (at 0.875 0 90) (size 1.05 0.95) (layers F.Cu F.Paste F.Mask) (roundrect_rratio 0.25)
      (net 1 GND))
    (model ${KISYS3DMOD}/Capacitor_SMD.3dshapes/C_0603_1608Metric.wrl
      (at (xyz 0 0 0))
      (scale (xyz 1 1 1))
      (rotate (xyz 0 0 0))
    )
  )

  (module Capacitor_SMD:C_0603_1608Metric_Pad1.05x0.95mm_HandSolder (layer F.Cu) (tedit 5B301BBE) (tstamp 5ECE13DF)
    (at 163.92 61.315 90)
    (descr "Capacitor SMD 0603 (1608 Metric), square (rectangular) end terminal, IPC_7351 nominal with elongated pad for handsoldering. (Body size source: http://www.tortai-tech.com/upload/download/2011102023233369053.pdf), generated with kicad-footprint-generator")
    (tags "capacitor handsolder")
    (path /5ED12192)
    (attr smd)
    (fp_text reference C6 (at -4.69198 0.08018 180) (layer F.SilkS)
      (effects (font (size 0.7 0.7) (thickness 0.1)))
    )
    (fp_text value 0u1/2V (at 0 1.43 90) (layer F.Fab)
      (effects (font (size 1 1) (thickness 0.15)))
    )
    (fp_line (start 1.65 0.73) (end -1.65 0.73) (layer F.CrtYd) (width 0.05))
    (fp_line (start 1.65 -0.73) (end 1.65 0.73) (layer F.CrtYd) (width 0.05))
    (fp_line (start -1.65 -0.73) (end 1.65 -0.73) (layer F.CrtYd) (width 0.05))
    (fp_line (start -1.65 0.73) (end -1.65 -0.73) (layer F.CrtYd) (width 0.05))
    (fp_line (start -0.171267 0.51) (end 0.171267 0.51) (layer F.SilkS) (width 0.12))
    (fp_line (start -0.171267 -0.51) (end 0.171267 -0.51) (layer F.SilkS) (width 0.12))
    (fp_line (start 0.8 0.4) (end -0.8 0.4) (layer F.Fab) (width 0.1))
    (fp_line (start 0.8 -0.4) (end 0.8 0.4) (layer F.Fab) (width 0.1))
    (fp_line (start -0.8 -0.4) (end 0.8 -0.4) (layer F.Fab) (width 0.1))
    (fp_line (start -0.8 0.4) (end -0.8 -0.4) (layer F.Fab) (width 0.1))
    (fp_text user %R (at 0 0 90) (layer F.Fab)
      (effects (font (size 0.4 0.4) (thickness 0.06)))
    )
    (pad 2 smd roundrect (at 0.875 0 90) (size 1.05 0.95) (layers F.Cu F.Paste F.Mask) (roundrect_rratio 0.25)
      (net 1 GND))
    (pad 1 smd roundrect (at -0.875 0 90) (size 1.05 0.95) (layers F.Cu F.Paste F.Mask) (roundrect_rratio 0.25)
      (net 2 "Net-(C6-Pad1)"))
    (model ${KISYS3DMOD}/Capacitor_SMD.3dshapes/C_0603_1608Metric.wrl
      (at (xyz 0 0 0))
      (scale (xyz 1 1 1))
      (rotate (xyz 0 0 0))
    )
  )

  (module Capacitor_SMD:C_0603_1608Metric_Pad1.05x0.95mm_HandSolder (layer F.Cu) (tedit 5B301BBE) (tstamp 5ECE13F0)
    (at 170.6 60.33)
    (descr "Capacitor SMD 0603 (1608 Metric), square (rectangular) end terminal, IPC_7351 nominal with elongated pad for handsoldering. (Body size source: http://www.tortai-tech.com/upload/download/2011102023233369053.pdf), generated with kicad-footprint-generator")
    (tags "capacitor handsolder")
    (path /5ECE0276)
    (attr smd)
    (fp_text reference C11 (at -0.02376 -1.20388) (layer F.SilkS)
      (effects (font (size 0.7 0.7) (thickness 0.1)))
    )
    (fp_text value 0u1 (at 0 1.43) (layer F.Fab)
      (effects (font (size 1 1) (thickness 0.15)))
    )
    (fp_line (start 1.65 0.73) (end -1.65 0.73) (layer F.CrtYd) (width 0.05))
    (fp_line (start 1.65 -0.73) (end 1.65 0.73) (layer F.CrtYd) (width 0.05))
    (fp_line (start -1.65 -0.73) (end 1.65 -0.73) (layer F.CrtYd) (width 0.05))
    (fp_line (start -1.65 0.73) (end -1.65 -0.73) (layer F.CrtYd) (width 0.05))
    (fp_line (start -0.171267 0.51) (end 0.171267 0.51) (layer F.SilkS) (width 0.12))
    (fp_line (start -0.171267 -0.51) (end 0.171267 -0.51) (layer F.SilkS) (width 0.12))
    (fp_line (start 0.8 0.4) (end -0.8 0.4) (layer F.Fab) (width 0.1))
    (fp_line (start 0.8 -0.4) (end 0.8 0.4) (layer F.Fab) (width 0.1))
    (fp_line (start -0.8 -0.4) (end 0.8 -0.4) (layer F.Fab) (width 0.1))
    (fp_line (start -0.8 0.4) (end -0.8 -0.4) (layer F.Fab) (width 0.1))
    (fp_text user %R (at 0 0) (layer F.Fab)
      (effects (font (size 0.4 0.4) (thickness 0.06)))
    )
    (pad 2 smd roundrect (at 0.875 0) (size 1.05 0.95) (layers F.Cu F.Paste F.Mask) (roundrect_rratio 0.25)
      (net 1 GND))
    (pad 1 smd roundrect (at -0.875 0) (size 1.05 0.95) (layers F.Cu F.Paste F.Mask) (roundrect_rratio 0.25)
      (net 3 "Net-(C11-Pad1)"))
    (model ${KISYS3DMOD}/Capacitor_SMD.3dshapes/C_0603_1608Metric.wrl
      (at (xyz 0 0 0))
      (scale (xyz 1 1 1))
      (rotate (xyz 0 0 0))
    )
  )

  (module Capacitor_SMD:C_0603_1608Metric_Pad1.05x0.95mm_HandSolder (layer F.Cu) (tedit 5B301BBE) (tstamp 5ECE1401)
    (at 179.565 65.53)
    (descr "Capacitor SMD 0603 (1608 Metric), square (rectangular) end terminal, IPC_7351 nominal with elongated pad for handsoldering. (Body size source: http://www.tortai-tech.com/upload/download/2011102023233369053.pdf), generated with kicad-footprint-generator")
    (tags "capacitor handsolder")
    (path /5ED45CBD)
    (attr smd)
    (fp_text reference C3 (at -2.55494 0.08836) (layer F.SilkS)
      (effects (font (size 0.7 0.7) (thickness 0.1)))
    )
    (fp_text value 0u1 (at 0 1.43) (layer F.Fab)
      (effects (font (size 1 1) (thickness 0.15)))
    )
